1.270589759511100203e+00 1.725765203505000622e+00
1.232786152819342007e+00 1.057902134782387371e+00
1.336775217603534613e-02 4.728935172043818191e+00
-8.616519508299680385e-01 1.795250388389907137e+00
9.176152732624041075e-01 4.474080432997856960e+00
4.334040123799775657e+00 -9.928781241940524138e-01
1.728766768863125414e+00 2.743259157016660232e+00
4.406474595430073471e+00 -4.687702818159652507e-01
-1.025517199799937107e-01 5.136636555002442428e+00
1.195481462329140543e+00 -2.936935089641015129e-01
8.129426658363049230e-01 4.889990949767856421e+00
4.976311517117257388e+00 6.212964197646420050e-02
2.780394130676144826e-02 5.991240439494587289e-01
8.670000825741092099e-01 -2.706606859024729417e-02
3.926170068889825449e-01 2.908779609946953837e+00
7.763947595665742218e-01 5.349988430824459407e+00
4.456590029482637938e+00 -1.044581177955179685e+00
4.893372500723432772e+00 6.592932460020668461e-01
-6.768313946854596086e-01 5.103550498408601754e+00
4.798260711664691369e-01 6.084755087665347340e+00
5.671607851827794811e+00 -4.281258874727369990e-01
-3.312495618189871538e-02 4.323681924010668531e+00
1.806371447128123808e+00 -1.688878735418430921e-02
8.449160542008298247e-01 1.224524540053125721e+00
3.808499909746519307e+00 1.280014290529008170e+00
-1.612423975861756453e-01 -6.554216562966568294e-01
1.510278338458620473e+00 1.455356858471170245e+00
2.518315399052231562e+00 -4.695711489917187009e-01
5.130322698524594216e+00 1.022674009999180234e+00
-2.027776460377190837e-01 2.088157499837474340e+00
-1.060793620280232608e+00 5.016202553199254233e+00
2.321621419715678147e-01 3.999834704069745506e+00
5.398165434822646880e+00 1.179229216610154340e+00
1.557000504167709742e+00 1.290208098032015416e+00
5.850959538665467807e-02 1.066330430556903686e+00
1.708947425274480070e+00 4.751861491064475196e-01
1.876159519474807774e-02 6.121634020079515182e+00
2.198068016705022387e+00 2.406640203217045304e+00
-7.973756191371289548e-01 3.570093383466635739e+00
3.271604206735960196e-01 4.489860398333060942e+00
-4.128404119602973044e-01 2.036739243944523103e+00
5.352532953916012026e+00 1.392501907268008932e-01
4.689811551697283143e+00 4.993893461008069856e-02
6.536884833028046016e-01 -2.135928320569919769e-01
-4.739654147975259635e-01 4.619098319281601306e+00
-6.260789550961447236e-02 4.178499489340195439e+00
7.443170133351996176e-01 1.684016609513267815e+00
3.206420650930550398e+00 -6.184970803117266769e-01
1.481678755400531289e+00 5.144419298279856889e+00
-7.733805717503915433e-01 4.066477431061232828e+00
5.744629748437424244e-01 4.261405269605056390e+00
-1.777273555629793056e-01 5.740539919827521764e+00
5.341509349740915624e+00 4.585135162964578681e-01
4.981063657848886272e+00 5.013865191380929842e-02
-6.033292478280005700e-01 9.025657715053128083e-01
4.490856847296554655e+00 -7.216817718704832130e-01
5.392593294445215513e+00 5.556969079961104896e-01
-4.640720482522591173e-01 -2.871861086447722311e-01
-9.480403837139417256e-01 4.075470586961785102e+00
9.521069061691000979e-01 2.308521238980369983e-01
1.204141850972192174e+00 4.218565993317015206e+00
4.615004191374176834e+00 1.193538245668116504e-01
9.220869821525570220e-01 2.017287662475683696e+00
4.899596671174041518e+00 -2.230610449392242400e-02
4.125665272989014198e+00 -3.271498711329238196e-01
-8.313121022755773915e-01 -5.947338526584757812e-01
3.674615601986634950e+00 1.945687176213261593e-01
4.016457120320091612e+00 -9.128851713450525374e-02
7.289307028651401676e-01 1.546464607355118481e+00
5.323758729958422364e+00 3.833413371571423034e-01
1.735628225525482016e+00 1.525337442123175791e-02
2.546971626683441348e-01 5.925435917240464256e+00
1.498497263794233536e+00 1.474982388531243416e+00
1.398432564571293391e+00 5.679961325175220122e-01
1.143126229940566452e+00 -1.549656314210876573e-01
1.001867552117576610e+00 5.286696468069845167e+00
1.977704964605287774e+00 6.987895870927691711e-01
3.792524539447745813e+00 4.770068060087871709e-02
5.226080355708727865e+00 -2.272938365083040368e-01
5.531727267565511141e+00 -1.365514392499615204e-01
3.651514204374857187e-01 -7.916788812743145165e-01
5.393369830370041917e+00 6.311593995025744919e-01
1.233265168328365885e-01 5.129042327041527294e+00
5.971011199732799923e+00 1.607215787188640554e+00
-2.052296884375672328e-02 5.093766317747933314e+00
7.112128637639432149e-01 4.072422647168763010e-01
5.266038602123918722e+00 7.789857945344631496e-01
8.668768900689377555e-01 5.578847907835626785e+00
1.627227777724834734e+00 2.225435787933387477e-01
4.626093450718382627e+00 -3.771769834199701910e-01
2.414180963134279878e+00 1.176156034345435364e+00
6.449885678857703031e-01 2.258718375156574254e+00
4.928228070318160903e+00 -2.707814555777295351e-01
-1.183161117449544220e+00 5.647675959042557814e+00
6.220516323664389002e-01 3.164364470914761140e-01
4.180182659182030136e-01 4.393831681877204964e+00
1.299687493767890611e+00 1.656973324135502690e+00
1.982228486967166914e+00 -1.057970127183314624e+00
6.009976880538450139e-01 1.085998435691255093e+00
5.876630059595214561e+00 5.071880676931331822e-01
